Selection	View	Channel	Begin Time (s)	End Time (s)	Low Freq (Hz)	High Freq (Hz)	Label
1	Spectrogram 1	1	81.152	81.824	2062.5	3375	BTF
2	Spectrogram 1	1	132.64777011	133.31977011	1971.598	3284.098	BTF
3	Spectrogram 1	1	195.529896776	196.201896776	2153.877	3466.377	BTF
4	Spectrogram 1	1	198.368	199.04	2062.5	3375	BTF
5	Spectrogram 1	1	236.879507072	237.551507072	3019.699	4332.199	BTF
6	Spectrogram 1	1	249.216910029	249.888910029	2017.168	3329.668	BTF
7	Spectrogram 1	1	251.627479134	252.299479134	2123.497	3435.997	BTF
8	Spectrogram 1	1	251.957333333333	252.629333333333	2156.25	3468.75	BTF
9	Spectrogram 1	1	268.330666666667	269.002666666667	2062.5	3375	BTF
10	Spectrogram 1	1	274.647813502	275.319813502	2077.927	3390.427	BTF
11	Spectrogram 1	1	275.274666666667	275.946666666667	2156.25	3468.75	BTF
12	Spectrogram 1	1	278.229115842	278.901115842	2032.358	3344.858	BTF
13	Spectrogram 1	1	278.899847549	279.571847549	2169.066	3481.566	BTF
14	Spectrogram 1	1	501.403981346	502.075981346	2001.978	3314.478	BTF
15	Spectrogram 1	1	522.530005243	523.202005243	2017.168	3329.668	BTF
16	Spectrogram 1	1	528.895861956	529.567861956	2001.978	3314.478	BTF
17	Spectrogram 1	1	680.525984521	681.197984521	2184.256	3496.756	BTF
18	Spectrogram 1	1	704.229239008	704.901239008	2108.307	3420.807	BTF
19	Spectrogram 1	1	707.704848764	708.376848764	2169.066	3481.566	BTF
20	Spectrogram 1	1	713.599160762	714.271160762	2032.358	3344.858	BTF
21	Spectrogram 1	1	855.334984786	856.006984786	2062.737	3375.237	BTF
22	Spectrogram 1	1	860.749620459	861.421620459	1956.408	3268.908	BTF
23	Spectrogram 1	1	882.753686636	883.425686636	2624.763	3937.263	BTF
24	Spectrogram 1	1	883.554499644	884.226499644	2624.763	3937.263	BTF
25	Spectrogram 1	1	901.294341324	901.966341324	2548.813	3861.313	BTF
26	Spectrogram 1	1	902.639869779	903.311869779	2093.117	3405.617	BTF
27	Spectrogram 1	1	904.091089291	904.763089291	2062.737	3375.237	BTF
28	Spectrogram 1	1	905.237432282	905.909432282	2457.674	3770.174	BTF
29	Spectrogram 1	1	905.582960738	906.254960738	2108.307	3420.807	BTF
30	Spectrogram 1	1	906.127676185	906.799676185	2093.117	3405.617	BTF
31	Spectrogram 1	1	906.900033908	907.572033908	2062.737	3375.237	BTF
32	Spectrogram 1	1	907.623611144	908.295611144	2032.358	3344.858	BTF
33	Spectrogram 1	1	908.420359112	909.092359112	1986.788	3299.288	BTF
34	Spectrogram 1	1	913.213045093	913.885045093	2123.497	3435.997	BTF
35	Spectrogram 1	1	923.176462782	923.848462782	2062.737	3375.237	BTF
36	Spectrogram 1	1	925.465082195	926.137082195	2032.358	3344.858	BTF
37	Spectrogram 1	1	927.895976504	928.567976504	2032.358	3344.858	BTF
38	Spectrogram 1	1	929.160204147	929.832204147	1956.408	3268.908	BTF
39	Spectrogram 1	1	930.335002422	931.007002422	2260.206	3572.706	BTF
40	Spectrogram 1	1	936.521995819	937.193995819	2153.877	3466.377	BTF
41	Spectrogram 1	1	949.497611685	950.169611685	2123.497	3435.997	BTF
42	Spectrogram 1	1	949.84314014	950.51514014	2077.927	3390.427	BTF
43	Spectrogram 1	1	1340.940829138	1341.612829138	2655.142	3967.642	BTF
44	Spectrogram 1	1	1343.631887576	1344.303887576	2533.623	3846.123	BTF
45	Spectrogram 1	1	1345.583108616	1346.255108616	2639.953	3952.453	BTF
46	Spectrogram 1	1	1352.160345916	1352.832345916	2624.763	3937.263	BTF
47	Spectrogram 1	1	1356.530266142	1357.202266142	2655.142	3967.642	BTF
48	Spectrogram 1	1	1666.103545942	1666.775545942	2564.003	3876.503	BTF
49	Spectrogram 1	1	1703.36372229	1704.03572229	2564.003	3876.503	BTF
50	Spectrogram 1	1	1722.778360718	1723.450360718	2001.978	3314.478	BTF
51	Spectrogram 1	1	1910.721521934	1911.393521934	2001.978	3314.478	BTF
52	Spectrogram 1	1	2233.302912629	2233.974912629	1910.839	3223.339	BTF
53	Spectrogram 1	1	2236.827302873	2237.499302873	1895.649	3208.149	BTF
54	Spectrogram 1	1	2239.754133669	2240.426133669	1865.269	3177.769	BTF
55	Spectrogram 1	1	2242.09153357	2242.76353357	1895.649	3208.149	BTF
56	Spectrogram 1	1	2246.323242415	2246.995242415	1971.598	3284.098	BTF
57	Spectrogram 1	1	2265.140323222	2265.812323222	1971.598	3284.098	BTF
58	Spectrogram 1	1	2268.213493954	2268.885493954	1910.839	3223.339	BTF
59	Spectrogram 1	1	2284.428947218	2285.100947218	1926.028	3238.528	BTF
60	Spectrogram 1	1	2287.14846094	2287.82046094	1895.649	3208.149	BTF
61	Spectrogram 1	1	2289.770413687	2290.442413687	1971.598	3284.098	BTF
62	Spectrogram 1	1	2296.961473652	2297.633473652	2047.547	3360.047	BTF
63	Spectrogram 1	1	2305.164726155	2305.836726155	1986.788	3299.288	BTF
64	Spectrogram 1	1	2318.416759902	2319.088759902	2001.978	3314.478	BTF
65	Spectrogram 1	1	2321.668793949	2322.340793949	1910.839	3223.339	BTF
66	Spectrogram 1	1	2332.823273185	2333.495273185	1971.598	3284.098	BTF
67	Spectrogram 1	1	2336.384227953	2337.056227953	1910.839	3223.339	BTF
68	Spectrogram 1	1	2361.859846873	2362.531846873	2017.168	3329.668	BTF
69	Spectrogram 1	1	2366.945214254	2367.617214254	1926.028	3238.528	BTF
70	Spectrogram 1	1	2377.067170056	2377.739170056	1926.028	3238.528	BTF
71	Spectrogram 1	1	2378.241966804	2378.913966804	1926.028	3238.528	BTF
72	Spectrogram 1	1	2380.34359282	2381.01559282	1926.028	3238.528	BTF
73	Spectrogram 1	1	2385.25009994	2385.92209994	1880.459	3192.959	BTF
74	Spectrogram 1	1	2387.591563354	2388.263563354	1865.269	3177.769	BTF
75	Spectrogram 1	1	2394.900509498	2395.572509498	1895.649	3208.149	BTF
76	Spectrogram 1	1	2398.148478505	2398.820478505	2001.978	3314.478	BTF
77	Spectrogram 1	1	2485.949318405	2486.621318405	2427.294	3739.794	BTF
78	Spectrogram 1	1	2509.14038448	2509.81238448	2214.636	3527.136	BTF
79	Spectrogram 1	1	2545.82407638889	2546.49607638889	2062.5	3375	BTF
80	Spectrogram 1	1	2550.851778512	2551.523778512	2199.446	3511.946	BTF
81	Spectrogram 1	1	2611.380253352	2612.052253352	2108.307	3420.807	BTF
82	Spectrogram 1	1	2630.969691883	2631.641691883	2062.737	3375.237	BTF
83	Spectrogram 1	1	2647.055063846	2647.727063846	2001.978	3314.478	BTF
84	Spectrogram 1	1	2657.254252065	2657.926252065	2199.446	3511.946	BTF
85	Spectrogram 1	1	2748.50140972222	2749.17340972222	2062.5	3375	BTF
86	Spectrogram 1	1	3296.896732603	3297.568732603	2275.396	3587.896	BTF
87	Spectrogram 1	1	3298.197545611	3298.869545611	2199.446	3511.946	BTF
88	Spectrogram 1	1	3299.770716343	3300.442716343	2305.775	3618.275	BTF
89	Spectrogram 1	1	3301.555267361	3302.227267361	2290.585	3603.085	BTF
90	Spectrogram 1	1	3310.380473667	3311.052473667	2260.206	3572.706	BTF
91	Spectrogram 1	1	3313.189418284	3313.861418284	2366.535	3679.035	BTF
92	Spectrogram 1	1	3780.72544791667	3781.39744791667	2156.25	3468.75	BTF
93	Spectrogram 1	1	3782.18678125	3782.85878125	2250	3562.5	BTF
94	Spectrogram 1	1	3783.494458258	3784.166458258	2245.016	3557.516	BTF
95	Spectrogram 1	1	3786.807467915	3787.479467915	2245.016	3557.516	BTF
96	Spectrogram 1	1	3788.783658766	3789.455658766	2533.623	3846.123	BTF
97	Spectrogram 1	1	3790.068211612	3790.740211612	2472.864	3785.364	BTF
98	Spectrogram 1	1	3790.893414864	3791.565414864	2624.763	3937.263	BTF
99	Spectrogram 1	1	3792.889349823	3793.561349823	2427.294	3739.794	BTF
100	Spectrogram 1	1	3795.54144791667	3796.21344791667	2250	3562.5	BTF
101	Spectrogram 1	1	3804.40544791667	3805.07744791667	2250	3562.5	BTF
102	Spectrogram 1	1	3806.22944791667	3806.90144791667	2437.5	3750	BTF
103	Spectrogram 1	1	3808.74678125	3809.41878125	2437.5	3750	BTF
104	Spectrogram 1	1	3820.169546712	3820.841546712	2123.497	3435.997	BTF
105	Spectrogram 1	1	3831.210201701	3831.882201701	1971.598	3284.098	BTF
106	Spectrogram 1	1	3835.519146318	3836.191146318	2062.737	3375.237	BTF
107	Spectrogram 1	1	3839.04011458333	3839.71211458333	2437.5	3750	BTF
108	Spectrogram 1	1	3839.998822642	3840.670822642	2077.927	3390.427	BTF
109	Spectrogram 1	1	3841.580123455	3842.252123455	1956.408	3268.908	BTF
110	Spectrogram 1	1	3852.12811458333	3852.80011458333	2250	3562.5	BTF
111	Spectrogram 1	1	3883.555750012	3884.227750012	2837.421	4149.921	BTF
112	Spectrogram 1	1	3890.04811458333	3890.72011458333	2250	3562.5	BTF
113	Spectrogram 1	1	3894.035427863	3894.707427863	2472.864	3785.364	BTF
114	Spectrogram 1	1	4178.986724418	4179.658724418	2442.484	3754.984	BTF
115	Spectrogram 1	1	4211.555842328	4212.227842328	2245.016	3557.516	BTF
116	Spectrogram 1	1	4212.92813368056	4213.60013368056	2156.25	3468.75	BTF
117	Spectrogram 1	1	4214.39730727	4215.06930727	2199.446	3511.946	BTF
118	Spectrogram 1	1	4216.21438044	4216.88638044	2169.066	3481.566	BTF
119	Spectrogram 1	1	4217.89880034722	4218.57080034722	2156.25	3468.75	BTF
120	Spectrogram 1	1	4221.50413368056	4222.17613368056	2250	3562.5	BTF
121	Spectrogram 1	1	4224.30946701389	4224.98146701389	2156.25	3468.75	BTF
122	Spectrogram 1	1	4229.06680034722	4229.73880034722	2250	3562.5	BTF
123	Spectrogram 1	1	4232.90137842	4233.57337842	2199.446	3511.946	BTF
124	Spectrogram 1	1	4234.702192955	4235.374192955	2108.307	3420.807	BTF
125	Spectrogram 1	1	4236.48268076	4237.15468076	2123.497	3435.997	BTF
126	Spectrogram 1	1	4257.917645919	4258.589645919	2457.674	3770.174	BTF
127	Spectrogram 1	1	4258.856670309	4259.528670309	2260.206	3572.706	BTF
128	Spectrogram 1	1	4259.283499577	4259.955499577	2624.763	3937.263	BTF
129	Spectrogram 1	1	4266.450169299	4267.122169299	2199.446	3511.946	BTF
130	Spectrogram 1	1	4268.718461982	4269.390461982	2260.206	3572.706	BTF
131	Spectrogram 1	1	4272.881066662	4273.553066662	2245.016	3557.516	BTF
132	Spectrogram 1	1	4294.07619625	4294.74819625	2655.142	3967.642	BTF
133	Spectrogram 1	1	4294.811968608	4295.483968608	2609.573	3922.073	BTF
134	Spectrogram 1	1	4498.50680034722	4499.17880034722	2156.25	3468.75	BTF
135	Spectrogram 1	1	4501.771380848	4502.443380848	2548.813	3861.313	BTF
136	Spectrogram 1	1	4502.019348328	4502.691348328	2169.066	3481.566	BTF
137	Spectrogram 1	1	4502.999023125	4503.671023125	1956.408	3268.908	BTF
138	Spectrogram 1	1	4503.34455158	4504.01655158	2533.623	3846.123	BTF
139	Spectrogram 1	1	4503.486828003	4504.158828003	2047.547	3360.047	BTF
140	Spectrogram 1	1	4504.824226377	4505.496226377	2062.737	3375.237	BTF
141	Spectrogram 1	1	4553.4665193	4554.1385193	1895.649	3208.149	BTF
142	Spectrogram 1	1	4554.994974585	4555.666974585	1986.788	3299.288	BTF
143	Spectrogram 1	1	4699.344613	4700.016613	3338.687	4651.187	BTF
144	Spectrogram 1	1	4700.05346701389	4700.72546701389	2250	3562.5	BTF
145	Spectrogram 1	1	4701.076320317	4701.748320317	2077.927	3390.427	BTF
146	Spectrogram 1	1	4703.555996641	4704.227996641	1941.218	3253.718	BTF
147	Spectrogram 1	1	4712.645429893	4713.317429893	2123.497	3435.997	BTF
148	Spectrogram 1	1	4712.982828267	4713.654828267	1956.408	3268.908	BTF
149	Spectrogram 1	1	4714.425917698	4715.097917698	2457.674	3770.174	BTF
150	Spectrogram 1	1	4718.462504591	4719.134504591	1956.408	3268.908	BTF
151	Spectrogram 1	1	4721.112912623	4721.784912623	2169.066	3481.566	BTF
152	Spectrogram 1	1	4725.584458865	4726.256458865	1865.269	3177.769	BTF
153	Spectrogram 1	1	4726.29346701389	4726.96546701389	2437.5	3750	BTF
154	Spectrogram 1	1	4728.564133662	4729.236133662	1910.839	3223.339	BTF
155	Spectrogram 1	1	4735.722673302	4736.394673302	2442.484	3754.984	BTF
156	Spectrogram 1	1	4743.07213368056	4743.74413368056	2156.25	3468.75	BTF
157	Spectrogram 1	1	4816.909554362	4817.581554362	2655.142	3967.642	BTF
158	Spectrogram 1	1	4817.89735924	4818.56935924	2670.332	3982.832	BTF
159	Spectrogram 1	1	5120.702332409	5121.374332409	2381.725	3694.225	BTF
160	Spectrogram 1	1	5127.413717577	5128.085717577	2381.725	3694.225	BTF
161	Spectrogram 1	1	5548.251249483	5548.923249483	2199.446	3511.946	BTF
162	Spectrogram 1	1	5838.751337494	5839.423337494	1850.079	3162.579	BTF
163	Spectrogram 1	1	5846.45052754	5847.12252754	2123.497	3435.997	BTF
164	Spectrogram 1	1	5848.381421849	5849.053421849	2047.547	3360.047	BTF
165	Spectrogram 1	1	5848.629389329	5849.301389329	2214.636	3527.136	BTF
166	Spectrogram 1	1	5850.1537811	5850.8257811	2062.737	3375.237	BTF
167	Spectrogram 1	1	5861.409883243	5862.081883243	2062.737	3375.237	BTF
168	Spectrogram 1	1	5866.348909161	5867.020909161	2184.256	3496.756	BTF
169	Spectrogram 1	1	5884.81083854167	5885.48283854167	2250	3562.5	BTF
170	Spectrogram 1	1	5911.33883854167	5912.01083854167	2156.25	3468.75	BTF
171	Spectrogram 1	1	5927.99933522	5928.67133522	1850.079	3162.579	BTF
172	Spectrogram 1	1	5989.625372563	5990.297372563	1804.509	3117.009	BTF
173	Spectrogram 1	1	5994.426187098	5995.098187098	1804.509	3117.009	BTF
174	Spectrogram 1	1	5996.824561082	5997.496561082	1682.991	2995.491	BTF
175	Spectrogram 1	1	6013.865219125	6014.537219125	1743.75	3056.25	BTF
176	Spectrogram 1	1	6025.531890374	6026.203890374	1880.459	3192.959	BTF
177	Spectrogram 1	1	6028.052215577	6028.724215577	1865.269	3177.769	BTF
178	Spectrogram 1	1	6335.72285763889	6336.39485763889	2156.25	3468.75	BTF
179	Spectrogram 1	1	6353.74337331	6354.41537331	2017.168	3329.668	BTF
180	Spectrogram 1	1	6378.153949752	6378.825949752	3065.269	4377.769	BTF
181	Spectrogram 1	1	6380.426307475	6381.098307475	2974.13	4286.63	BTF
182	Spectrogram 1	1	6390.076715206	6390.748715206	2639.953	3952.453	BTF
183	Spectrogram 1	1	6391.979154231	6392.651154231	2594.383	3906.883	BTF
184	Spectrogram 1	1	6393.87752430556	6394.54952430556	2437.5	3750	BTF
185	Spectrogram 1	1	6408.04285763889	6408.71485763889	2437.5	3750	BTF
186	Spectrogram 1	1	6520.357245176	6521.029245176	2548.813	3861.313	BTF
187	Spectrogram 1	1	6521.662123225	6522.334123225	2700.712	4013.212	BTF
188	Spectrogram 1	1	6862.186619808	6862.858619808	3034.889	4347.389	BTF
189	Spectrogram 1	1	6864.84287673611	6865.51487673611	2718.75	4031.25	BTF
190	Spectrogram 1	1	6867.14687673611	6867.81887673611	2718.75	4031.25	BTF
191	Spectrogram 1	1	6872.341095935	6873.013095935	3019.699	4332.199	BTF
192	Spectrogram 1	1	6876.19221006945	6876.86421006945	2718.75	4031.25	BTF
193	Spectrogram 1	1	6883.808580192	6884.480580192	3065.269	4377.769	BTF
194	Spectrogram 1	1	6908.78954340278	6909.46154340278	2062.5	3375	BTF
195	Spectrogram 1	1	6915.54154340278	6916.21354340278	2062.5	3375	BTF
196	Spectrogram 1	1	7002.202900898	7002.874900898	2275.396	3587.896	BTF
