Selection	View	Channel	Begin Time (s)	End Time (s)	Low Freq (Hz)	High Freq (Hz)	Label
1	Spectrogram 1	1	0.468878049	1.140878049	2442.484	3754.984	BTF
2	Spectrogram 1	1	64.245333333	64.917333333	2250	3562.5	BTF
3	Spectrogram 1	1	67.786666667	68.458666667	2718.75	4031.25	BTF
4	Spectrogram 1	1	75.704667834	76.376667834	2609.573	3922.073	BTF
5	Spectrogram 1	1	80.046134303	80.718134303	2518.434	3830.934	BTF
6	Spectrogram 1	1	85.505485424	86.177485424	2822.231	4134.731	BTF
7	Spectrogram 1	1	88.213333333	88.885333333	2437.5	3750	BTF
8	Spectrogram 1	1	91.489223433	92.161223433	2594.383	3906.883	BTF
9	Spectrogram 1	1	93.005485123	93.677485123	2533.623	3846.123	BTF
10	Spectrogram 1	1	96.891665513	97.563665513	2624.763	3937.263	BTF
11	Spectrogram 1	1	97.717333333	98.389333333	2437.5	3750	BTF
12	Spectrogram 1	1	98.12337283	98.79537283	2731.092	4043.592	BTF
13	Spectrogram 1	1	100.899793766	101.571793766	2564.003	3876.503	BTF
14	Spectrogram 1	1	101.200606774	101.872606774	2609.573	3922.073	BTF
15	Spectrogram 1	1	105.18841318	105.86041318	2700.712	4013.212	BTF
16	Spectrogram 1	1	200.094922031	200.766922031	1895.649	3208.149	BTF
17	Spectrogram 1	1	200.768	201.44	2156.25	3468.75	BTF
18	Spectrogram 1	1	201.184	201.856	2437.5	3750	BTF
19	Spectrogram 1	1	202.24	202.912	2250	3562.5	BTF
20	Spectrogram 1	1	202.855084633	203.527084633	2275.396	3587.896	BTF
21	Spectrogram 1	1	203.498666667	204.170666667	2250	3562.5	BTF
22	Spectrogram 1	1	204.08272691	204.75472691	2275.396	3587.896	BTF
23	Spectrogram 1	1	207.509333333	208.181333333	2062.5	3375	BTF
24	Spectrogram 1	1	208.062403234	208.734403234	2245.016	3557.516	BTF
25	Spectrogram 1	1	218.976	219.648	2156.25	3468.75	BTF
26	Spectrogram 1	1	223.466666667	224.138666667	2437.5	3750	BTF
27	Spectrogram 1	1	228.437333333	229.109333333	2250	3562.5	BTF
28	Spectrogram 1	1	237.344	238.016	2062.5	3375	BTF
29	Spectrogram 1	1	240.334771348	241.006771348	2153.877	3466.377	BTF
30	Spectrogram 1	1	257.627448304	258.299448304	2153.877	3466.377	BTF
31	Spectrogram 1	1	258.464	259.136	2250	3562.5	BTF
32	Spectrogram 1	1	260.373333333	261.045333333	2718.75	4031.25	BTF
33	Spectrogram 1	1	301.301333333	301.973333333	2250	3562.5	BTF
34	Spectrogram 1	1	308.544	309.216	2250	3562.5	BTF
35	Spectrogram 1	1	325.69461503	326.36661503	2229.826	3542.326	BTF
36	Spectrogram 1	1	327.744	328.416	2250	3562.5	BTF
37	Spectrogram 1	1	330.357333333	331.029333333	2062.5	3375	BTF
38	Spectrogram 1	1	353.202752448	353.874752448	2305.775	3618.275	BTF
39	Spectrogram 1	1	353.824	354.496	2062.5	3375	BTF
40	Spectrogram 1	1	355.519825619	356.191825619	2153.877	3466.377	BTF
41	Spectrogram 1	1	360.430401171	361.102401171	2336.155	3648.655	BTF
42	Spectrogram 1	1	362.495441821	363.167441821	2275.396	3587.896	BTF
43	Spectrogram 1	1	384.522666667	385.194666667	2156.25	3468.75	BTF
44	Spectrogram 1	1	386.336	387.008	2250	3562.5	BTF
45	Spectrogram 1	1	386.858666667	387.530666667	2156.25	3468.75	BTF
46	Spectrogram 1	1	399.4954619	400.1674619	2108.307	3420.807	BTF
47	Spectrogram 1	1	399.946666667	400.618666667	2250	3562.5	BTF
48	Spectrogram 1	1	401.408	402.08	2062.5	3375	BTF
49	Spectrogram 1	1	403.227164412	403.899164412	2123.497	3435.997	BTF
50	Spectrogram 1	1	523.670297836	524.342297836	2062.737	3375.237	BTF
51	Spectrogram 1	1	524.714666667	525.386666667	2250	3562.5	BTF
52	Spectrogram 1	1	525.184	525.856	2250	3562.5	BTF
53	Spectrogram 1	1	538.645912174	539.317912174	2169.066	3481.566	BTF
54	Spectrogram 1	1	540.70282427	541.37482427	2199.446	3511.946	BTF
55	Spectrogram 1	1	542.617458416	543.289458416	2184.256	3496.756	BTF
56	Spectrogram 1	1	545.5930697	546.2650697	2199.446	3511.946	BTF
57	Spectrogram 1	1	553.975186576	554.647186576	2275.396	3587.896	BTF
58	Spectrogram 1	1	560.202666667	560.874666667	2250	3562.5	BTF
59	Spectrogram 1	1	563.450799387	564.122799387	2214.636	3527.136	BTF
60	Spectrogram 1	1	569.738666667	570.410666667	2437.5	3750	BTF
61	Spectrogram 1	1	575.84	576.512	2437.5	3750	BTF
62	Spectrogram 1	1	583.626666667	584.298666667	2437.5	3750	BTF
63	Spectrogram 1	1	733.702887518	734.374887518	2153.877	3466.377	BTF
64	Spectrogram 1	1	791.239487556	791.911487556	2396.915	3709.415	BTF
65	Spectrogram 1	1	793.198838677	793.870838677	2366.535	3679.035	BTF
66	Spectrogram 1	1	796.743555652	797.415555652	2366.535	3679.035	BTF
67	Spectrogram 1	1	830.471190472	831.143190472	2108.307	3420.807	BTF
68	Spectrogram 1	1	830.763873399	831.435873399	2184.256	3496.756	BTF
69	Spectrogram 1	1	1108.711119837	1109.383119837	2169.066	3481.566	BTF
70	Spectrogram 1	1	1111.276162015	1111.948162015	2260.206	3572.706	BTF
71	Spectrogram 1	1	1364.670560471	1365.342560471	2275.396	3587.896	BTF
72	Spectrogram 1	1	1370.585197672	1371.257197672	2381.725	3694.225	BTF
73	Spectrogram 1	1	1426.199041041	1426.871041041	2427.294	3739.794	BTF
74	Spectrogram 1	1	1429.719366245	1430.391366245	2457.674	3770.174	BTF
75	Spectrogram 1	1	1445.829128452	1446.501128452	2472.864	3785.364	BTF
76	Spectrogram 1	1	1453.125879474	1453.797879474	2412.104	3724.604	BTF
77	Spectrogram 1	1	1763.808918726	1764.480918726	2427.294	3739.794	BTF
78	Spectrogram 1	1	2259.455432806	2260.127432806	2275.396	3587.896	BTF
79	Spectrogram 1	1	2334.902612942	2335.574612942	2229.826	3542.326	BTF
80	Spectrogram 1	1	2338.089606339	2338.761606339	2153.877	3466.377	BTF
81	Spectrogram 1	1	2339.8457039	2340.5177039	2336.155	3648.655	BTF
82	Spectrogram 1	1	2342.870095672	2343.542095672	2245.016	3557.516	BTF
83	Spectrogram 1	1	2351.642453095	2352.314453095	2153.877	3466.377	BTF
84	Spectrogram 1	1	2686.536870205	2687.208870205	2032.358	3344.858	BTF
85	Spectrogram 1	1	2695.925409722	2696.597409722	2156.25	3468.75	BTF
86	Spectrogram 1	1	2697.909409722	2698.581409722	2062.5	3375	BTF
87	Spectrogram 1	1	2698.423050294	2699.095050294	2138.687	3451.187	BTF
88	Spectrogram 1	1	2700.565409722	2701.237409722	2062.5	3375	BTF
89	Spectrogram 1	1	2710.485409722	2711.157409722	2156.25	3468.75	BTF
90	Spectrogram 1	1	2713.280076389	2713.952076389	2062.5	3375	BTF
91	Spectrogram 1	1	2716.640076389	2717.312076389	2062.5	3375	BTF
92	Spectrogram 1	1	2722.618181409	2723.290181409	2199.446	3511.946	BTF
93	Spectrogram 1	1	2726.816076389	2727.488076389	2062.5	3375	BTF
94	Spectrogram 1	1	2735.925409722	2736.597409722	2062.5	3375	BTF
95	Spectrogram 1	1	2742.304076389	2742.976076389	2156.25	3468.75	BTF
96	Spectrogram 1	1	2745.248076389	2745.920076389	2156.25	3468.75	BTF
97	Spectrogram 1	1	2747.253409722	2747.925409722	2062.5	3375	BTF
98	Spectrogram 1	1	2749.653409722	2750.325409722	2156.25	3468.75	BTF
99	Spectrogram 1	1	2751.296076389	2751.968076389	2156.25	3468.75	BTF
100	Spectrogram 1	1	2759.840076389	2760.512076389	2156.25	3468.75	BTF
101	Spectrogram 1	1	2765.450743056	2766.122743056	2156.25	3468.75	BTF
102	Spectrogram 1	1	2768.565409722	2769.237409722	2156.25	3468.75	BTF
103	Spectrogram 1	1	2771.434743056	2772.106743056	2156.25	3468.75	BTF
104	Spectrogram 1	1	2783.200076389	2783.872076389	2156.25	3468.75	BTF
105	Spectrogram 1	1	2785.770743056	2786.442743056	2156.25	3468.75	BTF
106	Spectrogram 1	1	2787.114743056	2787.786743056	2156.25	3468.75	BTF
107	Spectrogram 1	1	2800.874743056	2801.546743056	2156.25	3468.75	BTF
108	Spectrogram 1	1	2801.408076389	2802.080076389	2250	3562.5	BTF
109	Spectrogram 1	1	2803.626743056	2804.298743056	2250	3562.5	BTF
110	Spectrogram 1	1	2804.085684921	2804.757684921	2245.016	3557.516	BTF
111	Spectrogram 1	1	2805.418743056	2806.090743056	2156.25	3468.75	BTF
112	Spectrogram 1	1	2819.466743056	2820.138743056	2156.25	3468.75	BTF
113	Spectrogram 1	1	2826.912076389	2827.584076389	2156.25	3468.75	BTF
114	Spectrogram 1	1	2828.394743056	2829.066743056	2062.5	3375	BTF
115	Spectrogram 1	1	2830.538743056	2831.210743056	2156.25	3468.75	BTF
116	Spectrogram 1	1	2831.146743056	2831.818743056	2156.25	3468.75	BTF
117	Spectrogram 1	1	2889.376076389	2890.048076389	2156.25	3468.75	BTF
118	Spectrogram 1	1	2905.493409722	2906.165409722	2250	3562.5	BTF
119	Spectrogram 1	1	2978.628139037	2979.300139037	2260.206	3572.706	BTF
120	Spectrogram 1	1	2980.618743056	2981.290743056	2250	3562.5	BTF
121	Spectrogram 1	1	2982.517409722	2983.189409722	2250	3562.5	BTF
122	Spectrogram 1	1	2984.618743056	2985.290743056	2156.25	3468.75	BTF
123	Spectrogram 1	1	3278.990004343	3279.662004343	2138.687	3451.187	BTF
124	Spectrogram 1	1	3280.701386457	3281.373386457	2229.826	3542.326	BTF
125	Spectrogram 1	1	3299.567247752	3300.239247752	2245.016	3557.516	BTF
126	Spectrogram 1	1	3302.579444401	3303.251444401	2093.117	3405.617	BTF
127	Spectrogram 1	1	3310.713562493	3311.385562493	2229.826	3542.326	BTF
128	Spectrogram 1	1	3412.599772829	3413.271772829	2138.687	3451.187	BTF
129	Spectrogram 1	1	3417.333428819	3418.005428819	2156.25	3468.75	BTF
130	Spectrogram 1	1	3428.034738288	3428.706738288	2199.446	3511.946	BTF
131	Spectrogram 1	1	3451.89653607	3452.56853607	2199.446	3511.946	BTF
132	Spectrogram 1	1	3460.242051579	3460.914051579	2108.307	3420.807	BTF
133	Spectrogram 1	1	3476.461566528	3477.133566528	2184.256	3496.756	BTF
134	Spectrogram 1	1	3502.774583822	3503.446583822	2169.066	3481.566	BTF
135	Spectrogram 1	1	3578.698762153	3579.370762153	2062.5	3375	BTF
136	Spectrogram 1	1	3609.270556665	3609.942556665	2077.927	3390.427	BTF
137	Spectrogram 1	1	3611.72278125	3612.39478125	2062.5	3375	BTF
138	Spectrogram 1	1	3679.616115722	3680.288115722	2199.446	3511.946	BTF
139	Spectrogram 1	1	3790.901447917	3791.573447917	2156.25	3468.75	BTF
140	Spectrogram 1	1	3792.629447917	3793.301447917	2250	3562.5	BTF
141	Spectrogram 1	1	3795.424114583	3796.096114583	2250	3562.5	BTF
142	Spectrogram 1	1	3805.056114583	3805.728114583	2250	3562.5	BTF
143	Spectrogram 1	1	3806.624114583	3807.296114583	2250	3562.5	BTF
144	Spectrogram 1	1	3809.70678125	3810.37878125	2250	3562.5	BTF
145	Spectrogram 1	1	3811.11478125	3811.78678125	2250	3562.5	BTF
146	Spectrogram 1	1	3822.976114583	3823.648114583	2062.5	3375	BTF
147	Spectrogram 1	1	3824.992114583	3825.664114583	2250	3562.5	BTF
148	Spectrogram 1	1	3882.753090193	3883.425090193	2077.927	3390.427	BTF
149	Spectrogram 1	1	3884.907561738	3885.579561738	2093.117	3405.617	BTF
150	Spectrogram 1	1	3885.280114583	3885.952114583	2062.5	3375	BTF
151	Spectrogram 1	1	3887.52544818	3888.19744818	2108.307	3420.807	BTF
152	Spectrogram 1	1	3902.77748681	3903.44948681	2320.965	3633.465	BTF
153	Spectrogram 1	1	3909.960418107	3910.632418107	2214.636	3527.136	BTF
154	Spectrogram 1	1	3913.72871079	3914.40071079	2214.636	3527.136	BTF
155	Spectrogram 1	1	4151.838555174	4152.510555174	2245.016	3557.516	BTF
156	Spectrogram 1	1	4613.854937756	4614.526937756	2533.623	3846.123	BTF
157	Spectrogram 1	1	4618.448414827	4619.120414827	2472.864	3785.364	BTF
158	Spectrogram 1	1	4620.541881268	4621.213881268	2412.104	3724.604	BTF
159	Spectrogram 1	1	4638.176022167	4638.848022167	2169.066	3481.566	BTF
160	Spectrogram 1	1	4640.241062817	4640.913062817	2138.687	3451.187	BTF
161	Spectrogram 1	1	4641.997160378	4642.669160378	2320.965	3633.465	BTF
162	Spectrogram 1	1	4642.593323441	4643.265323441	2260.206	3572.706	BTF
163	Spectrogram 1	1	4643.190884416	4643.862884416	2229.826	3542.326	BTF
164	Spectrogram 1	1	4643.979502302	4644.651502302	2290.585	3603.085	BTF
165	Spectrogram 1	1	4645.812835636	4646.484835636	2275.396	3587.896	BTF
166	Spectrogram 1	1	4649.174625781	4649.846625781	2290.585	3603.085	BTF
167	Spectrogram 1	1	4673.946992669	4674.618992669	2320.965	3633.465	BTF
168	Spectrogram 1	1	4675.678701513	4676.350701513	2320.965	3633.465	BTF
169	Spectrogram 1	1	4676.617725903	4677.289725903	2336.155	3648.655	BTF
170	Spectrogram 1	1	4724.91855724	4725.59055724	2184.256	3496.756	BTF
171	Spectrogram 1	1	4729.280133681	4729.952133681	2062.5	3375	BTF
172	Spectrogram 1	1	4732.896133681	4733.568133681	2156.25	3468.75	BTF
173	Spectrogram 1	1	4735.082800347	4735.754800347	2156.25	3468.75	BTF
174	Spectrogram 1	1	4759.243774238	4759.915774238	2001.978	3314.478	BTF
175	Spectrogram 1	1	4761.834800347	4762.506800347	2156.25	3468.75	BTF
176	Spectrogram 1	1	4764.190930237	4764.862930237	1986.788	3299.288	BTF
177	Spectrogram 1	1	4777.113699047	4777.785699047	1850.079	3162.579	BTF
178	Spectrogram 1	1	4780.15435098	4780.82635098	2457.674	3770.174	BTF
179	Spectrogram 1	1	5066.987777508	5067.659777508	2305.775	3618.275	BTF
180	Spectrogram 1	1	5073.207287875	5073.879287875	2153.877	3466.377	BTF
181	Spectrogram 1	1	5075.499972329	5076.171972329	1986.788	3299.288	BTF
182	Spectrogram 1	1	5075.861486111	5076.533486111	2250	3562.5	BTF
183	Spectrogram 1	1	5077.525486111	5078.197486111	2156.25	3468.75	BTF
184	Spectrogram 1	1	5078.585338183	5079.257338183	1910.839	3223.339	BTF
185	Spectrogram 1	1	5081.231681174	5081.903681174	2442.484	3754.984	BTF
186	Spectrogram 1	1	5096.353635148	5097.025635148	2184.256	3496.756	BTF
187	Spectrogram 1	1	5099.776152778	5100.448152778	2250	3562.5	BTF
188	Spectrogram 1	1	5430.930979087	5431.602979087	2427.294	3739.794	BTF
189	Spectrogram 1	1	5508.853768979	5509.525768979	2123.497	3435.997	BTF
190	Spectrogram 1	1	5511.317185141	5511.989185141	2138.687	3451.187	BTF
191	Spectrogram 1	1	5645.113980156	5645.785980156	2062.737	3375.237	BTF
192	Spectrogram 1	1	5648.414794691	5649.086794691	2001.978	3314.478	BTF
193	Spectrogram 1	1	5649.829428838	5650.501428838	2093.117	3405.617	BTF
194	Spectrogram 1	1	5652.557069286	5653.229069286	2184.256	3496.756	BTF
195	Spectrogram 1	1	5662.471706487	5663.143706487	2184.256	3496.756	BTF
196	Spectrogram 1	1	5664.597505208	5665.269505208	2156.25	3468.75	BTF
197	Spectrogram 1	1	5666.170895007	5666.842895007	2138.687	3451.187	BTF
198	Spectrogram 1	1	5668.492034745	5669.164034745	2123.497	3435.997	BTF
199	Spectrogram 1	1	5737.089614976	5737.761614976	2579.193	3891.693	BTF
200	Spectrogram 1	1	5739.227827885	5739.899827885	2609.573	3922.073	BTF
201	Spectrogram 1	1	5741.118071788	5741.790071788	2564.003	3876.503	BTF
202	Spectrogram 1	1	5743.069289472	5743.741289472	2548.813	3861.313	BTF
203	Spectrogram 1	1	5794.618060736	5795.290060736	2290.585	3603.085	BTF
204	Spectrogram 1	1	5817.707495912	5818.379495912	2381.725	3694.225	BTF
205	Spectrogram 1	1	5821.877505208	5822.549505208	2250	3562.5	BTF
206	Spectrogram 1	1	5835.925505208	5836.597505208	2437.5	3750	BTF
207	Spectrogram 1	1	5841.066838542	5841.738838542	2250	3562.5	BTF
208	Spectrogram 1	1	5844.821505208	5845.493505208	2250	3562.5	BTF
209	Spectrogram 1	1	5851.808171875	5852.480171875	2250	3562.5	BTF
210	Spectrogram 1	1	5870.997505208	5871.669505208	2437.5	3750	BTF
211	Spectrogram 1	1	5886.122838542	5886.794838542	2156.25	3468.75	BTF
212	Spectrogram 1	1	5936.245505208	5936.917505208	2156.25	3468.75	BTF
213	Spectrogram 1	1	6213.632190972	6214.304190972	2437.5	3750	BTF
214	Spectrogram 1	1	6219.104190972	6219.776190972	2437.5	3750	BTF
215	Spectrogram 1	1	6369.733412286	6370.405412286	2412.104	3724.604	BTF
216	Spectrogram 1	1	6633.717229443	6634.389229443	2472.864	3785.364	BTF
217	Spectrogram 1	1	6635.554627817	6636.226627817	2488.054	3800.554	BTF
218	Spectrogram 1	1	6636.668450483	6637.340450483	2366.535	3679.035	BTF
219	Spectrogram 1	1	6659.87577672	6660.54777672	2214.636	3527.136	BTF
220	Spectrogram 1	1	7008.554876736	7009.226876736	2250	3562.5	BTF
221	Spectrogram 1	1	7013.656325671	7014.328325671	2290.585	3603.085	BTF
222	Spectrogram 1	1	7015.184780955	7015.856780955	2336.155	3648.655	BTF
