Selection	View	Channel	Begin Time (s)	End Time (s)	Low Freq (Hz)	High Freq (Hz)	Label
1	Spectrogram 1	1	14.834735912	15.506735912	2260.206	3572.706	BTF
2	Spectrogram 1	1	18.757501541	19.429501541	2488.054	3800.554	BTF
3	Spectrogram 1	1	63.928238599	64.600238599	2564.003	3876.503	BTF
4	Spectrogram 1	1	224.448607842	225.120607842	2609.573	3922.073	BTF
5	Spectrogram 1	1	541.343004015	542.015004015	2564.003	3876.503	BTF
6	Spectrogram 1	1	546.692598912	547.364598912	2518.434	3830.934	BTF
7	Spectrogram 1	1	641.156040472	641.828040472	2472.864	3785.364	BTF
8	Spectrogram 1	1	643.404007951	644.076007951	2412.104	3724.604	BTF
9	Spectrogram 1	1	656.48530766	657.15730766	1941.218	3253.718	BTF
10	Spectrogram 1	1	657.558478392	658.230478392	2093.117	3405.617	BTF
11	Spectrogram 1	1	658.834901156	659.506901156	1895.649	3208.149	BTF
12	Spectrogram 1	1	660.347067876	661.019067876	1986.788	3299.288	BTF
13	Spectrogram 1	1	676.379593807	677.051593807	2503.244	3815.744	BTF
14	Spectrogram 1	1	676.864	677.536	2250	3562.5	BTF
15	Spectrogram 1	1	679.712	680.384	2437.5	3750	BTF
16	Spectrogram 1	1	1164.530141094	1165.202141094	2214.636	3527.136	BTF
17	Spectrogram 1	1	1186.391938121	1187.063938121	2153.877	3466.377	BTF
18	Spectrogram 1	1	1192.107386677	1192.779386677	2138.687	3451.187	BTF
19	Spectrogram 1	1	1196.209014095	1196.881014095	2108.307	3420.807	BTF
20	Spectrogram 1	1	1202.095194358	1202.767194358	2275.396	3587.896	BTF
21	Spectrogram 1	1	1263.225294727	1263.897294727	2472.864	3785.364	BTF
22	Spectrogram 1	1	1265.204969524	1265.876969524	2488.054	3800.554	BTF
23	Spectrogram 1	1	1266.928548161	1267.600548161	2457.674	3770.174	BTF
24	Spectrogram 1	1	1268.054564421	1268.726564421	2533.623	3846.123	BTF
25	Spectrogram 1	1	1268.688710763	1269.360710763	2533.623	3846.123	BTF
26	Spectrogram 1	1	1271.900094278	1272.572094278	2518.434	3830.934	BTF
27	Spectrogram 1	1	1275.729363972	1276.401363972	2320.965	3633.465	BTF
28	Spectrogram 1	1	1280.879771878	1281.551771878	2442.484	3754.984	BTF
29	Spectrogram 1	1	1282.566763748	1283.238763748	2488.054	3800.554	BTF
30	Spectrogram 1	1	1286.74969338	1287.42169338	2396.915	3709.415	BTF
31	Spectrogram 1	1	1288.225303136	1288.897303136	2396.915	3709.415	BTF
32	Spectrogram 1	1	1291.420426488	1292.092426488	2457.674	3770.174	BTF
33	Spectrogram 1	1	1524.176595269	1524.848595269	2867.801	4180.301	BTF
34	Spectrogram 1	1	1528.310743012	1528.982743012	2670.332	3982.832	BTF
35	Spectrogram 1	1	1532.700988316	1533.372988316	2670.332	3982.832	BTF
36	Spectrogram 1	1	1541.314812257	1541.986812257	2639.953	3952.453	BTF
37	Spectrogram 1	1	1874.038477698	1874.710477698	2214.636	3527.136	BTF
38	Spectrogram 1	1	2289.644297732	2290.316297732	2305.775	3618.275	BTF
39	Spectrogram 1	1	3345.97793395	3346.64993395	2503.244	3815.744	BTF
40	Spectrogram 1	1	3368.827535855	3369.499535855	2518.434	3830.934	BTF
41	Spectrogram 1	1	3383.136483148	3383.808483148	2700.712	4013.212	BTF
42	Spectrogram 1	1	4206.486351926	4207.158351926	2548.813	3861.313	BTF
43	Spectrogram 1	1	4612.502743571	4613.174743571	2488.054	3800.554	BTF
44	Spectrogram 1	1	4674.54747466	4675.21947466	2609.573	3922.073	BTF
45	Spectrogram 1	1	4676.856417749	4677.528417749	2518.434	3830.934	BTF
46	Spectrogram 1	1	4679.10032159	4679.77232159	2564.003	3876.503	BTF
47	Spectrogram 1	1	5109.458159619	5110.130159619	2396.915	3709.415	BTF
48	Spectrogram 1	1	5110.376858806	5111.048858806	2427.294	3739.794	BTF
49	Spectrogram 1	1	5321.157414179	5321.829414179	2427.294	3739.794	BTF
50	Spectrogram 1	1	5326.189935905	5326.861935905	2472.864	3785.364	BTF
51	Spectrogram 1	1	5363.673688356	5364.345688356	2336.155	3648.655	BTF
52	Spectrogram 1	1	5365.572060386	5366.244060386	2457.674	3770.174	BTF
53	Spectrogram 1	1	5367.264	5367.936	2437.5	3750	BTF
54	Spectrogram 1	1	5369.55733333333	5370.22933333333	2437.5	3750	BTF
55	Spectrogram 1	1	5370.885069917	5371.557069917	2503.244	3815.744	BTF
56	Spectrogram 1	1	5372.99479555	5373.66679555	2488.054	3800.554	BTF
57	Spectrogram 1	1	5374.905364656	5375.577364656	2594.383	3906.883	BTF
58	Spectrogram 1	1	5375.673657338	5376.345657338	2305.775	3618.275	BTF
59	Spectrogram 1	1	5427.413512956	5428.085512956	2700.712	4013.212	BTF
60	Spectrogram 1	1	5705.307906581	5705.979906581	2457.674	3770.174	BTF
61	Spectrogram 1	1	5708.97066666667	5709.64266666667	2343.75	3656.25	BTF
62	Spectrogram 1	1	5709.00266666667	5709.67466666667	2437.5	3750	BTF
63	Spectrogram 1	1	5723.392	5724.064	2437.5	3750	BTF
64	Spectrogram 1	1	5725.503191323	5726.175191323	2351.345	3663.845	BTF
65	Spectrogram 1	1	5729.194249635	5729.866249635	2472.864	3785.364	BTF
66	Spectrogram 1	1	5731.210478762	5731.882478762	2503.244	3815.744	BTF
67	Spectrogram 1	1	5732.832429981	5733.504429981	2518.434	3830.934	BTF
68	Spectrogram 1	1	5738.080398862	5738.752398862	2442.484	3754.984	BTF
69	Spectrogram 1	1	5741.230806768	5741.902806768	2579.193	3891.693	BTF
70	Spectrogram 1	1	5750.592598189	5751.264598189	2564.003	3876.503	BTF
71	Spectrogram 1	1	5752.535689021	5753.207689021	2518.434	3830.934	BTF
72	Spectrogram 1	1	5755.572275788	5756.244275788	2564.003	3876.503	BTF
73	Spectrogram 1	1	5759.234878816	5759.906878816	2791.851	4104.351	BTF
74	Spectrogram 1	1	5761.369025157	5762.041025157	2624.763	3937.263	BTF
75	Spectrogram 1	1	5764.909676965	5765.581676965	2624.763	3937.263	BTF
76	Spectrogram 1	1	5775.572282796	5776.244282796	2488.054	3800.554	BTF
77	Spectrogram 1	1	5781.96659314	5782.63859314	2594.383	3906.883	BTF
78	Spectrogram 1	1	5827.495066518	5828.167066518	2776.661	4089.161	BTF
79	Spectrogram 1	1	5943.218677686	5943.890677686	2442.484	3754.984	BTF
80	Spectrogram 1	1	6004.637395941	6005.309395941	2639.953	3952.453	BTF
81	Spectrogram 1	1	6289.2960119	6289.9680119	2199.446	3511.946	BTF
82	Spectrogram 1	1	6361.91391995	6362.58591995	1971.598	3284.098	BTF
83	Spectrogram 1	1	6371.909857713	6372.581857713	2503.244	3815.744	BTF
84	Spectrogram 1	1	6380.291975235	6380.963975235	2518.434	3830.934	BTF
85	Spectrogram 1	1	6437.983051766	6438.655051766	2214.636	3527.136	BTF
86	Spectrogram 1	1	6439.361100547	6440.033100547	2169.066	3481.566	BTF
87	Spectrogram 1	1	6449.210694892	6449.882694892	2001.978	3314.478	BTF
88	Spectrogram 1	1	6465.1009444	6465.7729444	2214.636	3527.136	BTF
89	Spectrogram 1	1	6590.63350146	6591.30550146	2731.092	4043.592	BTF
90	Spectrogram 1	1	6593.572527252	6594.244527252	2609.573	3922.073	BTF
91	Spectrogram 1	1	6597.779845727	6598.451845727	2518.434	3830.934	BTF
92	Spectrogram 1	1	6600.755456884	6601.427456884	2579.193	3891.693	BTF
93	Spectrogram 1	1	6604.194482676	6604.866482676	2609.573	3922.073	BTF
94	Spectrogram 1	1	6608.088787408	6608.760787408	2700.712	4013.212	BTF
95	Spectrogram 1	1	6654.088799797	6654.760799797	2351.345	3663.845	BTF
96	Spectrogram 1	1	6657.03189063	6657.70389063	2518.434	3830.934	BTF
97	Spectrogram 1	1	6660.739209104	6661.411209104	2548.813	3861.313	BTF
98	Spectrogram 1	1	6805.470953454	6806.142953454	2609.573	3922.073	BTF
99	Spectrogram 1	1	6806.82054695	6807.49254695	2685.522	3998.022	BTF
100	Spectrogram 1	1	6813.889655444	6814.561655444	2518.434	3830.934	BTF
101	Spectrogram 1	1	6815.2351712	6815.9071712	2579.193	3891.693	BTF
